Variable Name,Mean ,SD,Min,Max,Description,episode_awards,ratings_episodes
Ratings,8.29,0.44,6.90,9.70,IMBD rating of each episode ,0,8.1
Awards Won ,0.03,0.20,0.00,2.00,Number of awards won per episode ,0,7.8
,,,,,,0,8
,,,,,,0,7.9
,,,,,,0,8.3
,,,,,,0,8
,,,,,,0,8.9
,,,,,,0,7.9
,,,,,,0,8.1
,,,,,,0,7.9
,,,,,,0,8
,,,,,,0,8
,,,,,,0,8.5
,,,,,,0,8.1
,,,,,,0,8
,,,,,,0,8
,,,,,,0,8.3
,,,,,,0,8.7
,,,,,,0,7.9
,,,,,,0,7.7
,,,,,,0,7.6
,,,,,,0,8.1
,,,,,,0,8.6
,,,,,,0,8.7
,,,,,,0,8.4
,,,,,,0,8
,,,,,,0,8.2
,,,,,,0,7.8
,,,,,,0,8.1
,,,,,,0,8.4
,,,,,,0,8.9
,,,,,,0,8.3
,,,,,,0,7.8
,,,,,,0,7.8
,,,,,,0,7.9
,,,,,,1,8.5
,,,,,,0,8.6
,,,,,,1,9.3
,,,,,,0,8.7
,,,,,,0,8.5
,,,,,,0,8.1
,,,,,,0,8.3
,,,,,,0,8.3
,,,,,,0,8
,,,,,,0,7.9
,,,,,,0,8.9
,,,,,,0,7.9
,,,,,,0,8.1
,,,,,,0,8.3
,,,,,,0,8.9
,,,,,,0,7.8
,,,,,,0,7.8
,,,,,,0,8
,,,,,,0,9
,,,,,,0,8.1
,,,,,,0,8.2
,,,,,,0,8.9
,,,,,,0,8
,,,,,,0,8.4
,,,,,,0,8
,,,,,,0,8.1
,,,,,,0,7.6
,,,,,,0,8.4
,,,,,,0,9
,,,,,,0,8.2
,,,,,,0,8.2
,,,,,,0,8
,,,,,,0,7.9
,,,,,,0,8.6
,,,,,,0,8.1
,,,,,,0,7.8
,,,,,,0,8
,,,,,,0,8.7
,,,,,,0,8.9
,,,,,,0,7.9
,,,,,,0,8.4
,,,,,,0,8
,,,,,,0,8.2
,,,,,,0,8.4
,,,,,,0,8.6
,,,,,,0,9
,,,,,,0,7.7
,,,,,,0,7.9
,,,,,,0,8.4
,,,,,,0,9.4
,,,,,,0,8
,,,,,,0,8.1
,,,,,,0,8.3
,,,,,,0,8
,,,,,,0,8.5
,,,,,,0,8.1
,,,,,,0,8.6
,,,,,,0,8.4
,,,,,,0,6.9
,,,,,,0,8.3
,,,,,,0,8.6
,,,,,,0,9.1
,,,,,,0,8.8
,,,,,,0,8.9
,,,,,,0,8.7
,,,,,,0,8.1
,,,,,,0,8.6
,,,,,,0,7.8
,,,,,,0,8.1
,,,,,,0,9
,,,,,,0,9
,,,,,,0,8
,,,,,,0,9
,,,,,,0,8.1
,,,,,,0,7.9
,,,,,,1,9.7
,,,,,,0,8.3
,,,,,,0,8.5
,,,,,,0,8.3
,,,,,,0,7.8
,,,,,,0,8.6
,,,,,,0,8.1
,,,,,,0,8.3
,,,,,,0,8.1
,,,,,,0,8.6
,,,,,,0,9
,,,,,,0,8.6
,,,,,,0,8
,,,,,,0,8
,,,,,,0,8.3
,,,,,,0,8
,,,,,,0,8.4
,,,,,,0,8.2
,,,,,,0,8.3
,,,,,,0,9.1
,,,,,,0,8.5
,,,,,,0,7.9
,,,,,,0,7.8
,,,,,,0,8.1
,,,,,,0,8.4
,,,,,,0,8.3
,,,,,,0,8.3
,,,,,,0,8.9
,,,,,,0,8.1
,,,,,,0,8.1
,,,,,,0,7.1
,,,,,,0,8.5
,,,,,,0,8.9
,,,,,,0,8.4
,,,,,,0,8.6
,,,,,,0,9.2
,,,,,,0,8.2
,,,,,,0,8.1
,,,,,,0,7.9
,,,,,,0,7.9
,,,,,,0,7.9
,,,,,,0,8.7
,,,,,,0,8.3
,,,,,,0,8
,,,,,,0,7.9
,,,,,,0,8.4
,,,,,,0,8.4
,,,,,,0,8.5
,,,,,,0,8.2
,,,,,,0,8.4
,,,,,,0,8.2
,,,,,,0,8.6
,,,,,,0,8.2
,,,,,,0,8.2
,,,,,,0,8.5
,,,,,,0,8.2
,,,,,,0,7.2
,,,,,,0,8.2
,,,,,,0,8.7
,,,,,,0,9.1
,,,,,,0,8.6
,,,,,,0,9
,,,,,,0,8.6
,,,,,,0,9.2
,,,,,,0,7.9
,,,,,,0,8.4
,,,,,,0,7.7
,,,,,,0,8.6
,,,,,,0,9.2
,,,,,,0,7.9
,,,,,,0,7.8
,,,,,,0,8.4
,,,,,,0,8.4
,,,,,,0,8
,,,,,,0,8.2
,,,,,,0,8.1
,,,,,,0,7.9
,,,,,,0,8
,,,,,,0,7.2
,,,,,,1,8.1
,,,,,,0,8
,,,,,,0,8.2
,,,,,,0,8.7
,,,,,,0,8.8
,,,,,,0,8.5
,,,,,,0,8.4
,,,,,,0,8.1
,,,,,,0,8
,,,,,,0,8.3
,,,,,,0,8.2
,,,,,,0,8.5
,,,,,,0,8.7
,,,,,,0,8
,,,,,,0,7.2
,,,,,,0,7.8
,,,,,,0,7.7
,,,,,,0,7.9
,,,,,,0,8
,,,,,,0,8.1
,,,,,,0,8
,,,,,,0,8.3
,,,,,,0,8.5
,,,,,,0,7.9
,,,,,,0,8.1
,,,,,,0,8.1
,,,,,,0,7.6
,,,,,,0,8.5
,,,,,,0,8.1
,,,,,,0,8.4
,,,,,,0,8.7
,,,,,,0,8.6
,,,,,,0,8.2
,,,,,,0,8
,,,,,,0,8
,,,,,,0,8.1
,,,,,,0,8.8
,,,,,,0,8.4
,,,,,,0,7.8
,,,,,,0,8.9
,,,,,,0,8.8
,,,,,,0,8.3
,,,,,,0,8.4
,,,,,,0,8.4
,,,,,,0,8.8
,,,,,,0,9.6
,,,,,,0,9.5
